101	247,924,358,300,596,661,364,493,959,774,785
102	978,722,164,311,601,736,126,807,689,902
103	298,975,893,706,553,438,175,567,522
104	518,881,583,866,421,203,898,514,480,966
105	793,851,819,294,813,585,190,456,195,538,283,876
106	956,322,399,827,778,541,611,335,651,525,873,307,264,594,974
107	480,330,993,498,918,601,290,790,903,231
108	688,229,558,276,343,275,937,192,593,407
109	407,316,512,820,974,989,889
110	492,998,128,632,674,539,281,114,875,387,497,727
111	698,825,396,765,524,875,411,839,573
112	995,831,666,257,625,184,689,207,966,164,935
113	853,735,195,799,161,556,847,652,630,392,149
114	470,489,232,815,785,515,626,924,519,911,234,122,276
115	815,597,104,790,281,260,750,638,229,412,186,210,608,110
116	108,244,218,427,197,450,855,459,170,588
117	105,714,471,376,684,984,773,725,956,476
118	217,692,873,381,902
119	131,511,836,841,327,303,676,527,963,574,590,429,261,373,144,634
120	388,538,858,833,957,145,481,352,102,956
121	307,929,972,256,328,546,792,886,620,532,467,714,818,861
122	982,635,830,185,834,183
123	480,227,746,867,887,613,888,367,274
124	944,369,503,837,424,895
125	873,917,808,910,782,289,961,400,921
126	904,477,415,765,513,162,440,361,687,294
127	257,377,309,629,884
128	667,459,817,955,300,698,389,544,462,527,925,918
129	257,937,300,707,364,862
130	590,826,227,185,666,483,386,542,774,194,556
131	698,659,569,536,325,353,323,663,226,216,787,934,757,301,670,217
132	521,496,161,595,565,398,408,439,665,437,697,143,962
133	235,257,729,675,448,766,831,102,896,616,501,530,430
134	987,829,692,623,504,866,454,828,496,686,657
135	530,409,693,817,294,399,348,676,267,233,118
136	907,969,496,232,357,747,282,255,759
137	370,119,961,868,305,156,492,167,821,311,620,345,816,502
138	322,378,488,304,968,558,188,909,386,634,963,547,706
139	534,239,973,320,503,403
140	943,393,610,500,277,228,557,260,119,792
141	372,605,476,499,949,484,319,776,583,555,820,348,611,577,749
142	822,741,325,443,506,191,939,474,403,547
143	778,458,121,710,750,738,852,595,860
144	685,142,445,406,293,452,955,460,195,393
145	326,314,883,283,286,708,340,535,195,583,376
146	713,746,292,571,239,794,137,225,912,694
147	509,839,416,392,907,658,859
148	460,714,673,924,306,596,628,417,453
149	998,826,408,117,465,721,562,798,556
150	998,321,336,560,483,175,561,391,858,130
151	752,493,872,939,413,865,623,626,517
152	572,524,218,308,410,921,730,248,845,956,729
153	757,697,294,805,446,286,407,482,522,174
154	689,480,160,458,844,194,259,177,856,825,372,649
155	171,907,468,829,362,978,231
156	822,322,435,777,668,457,560,751,442,730,675,575
157	790,589,923,880,280,193,964,971,197,671
158	297,205,299,184,767,370,107
159	425,941,343,956,554,320,756,845,566,186
160	243,382,106,725,295,809,392,369,477,499,994,731,847,901,491
161	840,539,756,210,481,571,220,424,449
162	515,766,317,568,822,404,734
163	708,582,271,188,358,546,338,653
164	831,682,476,990,643,821,612,277,716,502,787,701,848
165	416,166,771,557,620,764,673,107,179,722,728
166	431,600,333,193,539,947,549,277,779,286,455,117,235,447,822
167	200,150,176,888,673,248,118
168	240,650,350,129,543,446,715,514,689,226
169	114,960,582,249,241,723,254,180,454,326,198,918,559
170	730,317,406,887,495,402,927,758,106,374,576
171	635,604,690,570,736,650,918,952,757,910,332,444,204,704,113
172	997,855,990,189,852,424,127,136,177,885
173	690,487,971,808,691,347,338,723,880,240,905,109,227,911,134,277
174	445,402,862,306,327,729,913,880,401,274,735,246,652
175	453,797,894,645,410,329,716,277,422,739,934
176	272,408,262,517,132
177	648,459,959,313,131,524,498,679,645,154
178	184,694,415,708,510,877,398,984,715,531
179	481,482,721,213,329,207,758,513,155,425,259,993,693,623,745,249,498,891,113
180	602,914,696,792,968,510,440,354,636,936,208,948,212
181	943,705,674,899,654,108,464,407,714,418,287,925,546
182	429,421,262,416,355,991,856,180,382,753,622,200,668,516,386,225,721,679
183	673,593,435,491,660,444,718,916,522,127,637,182,490,967,831
184	127,271,647,516,917,653,577,115,375
185	982,774,521,828,637,738,784,880,274,217,448
186	295,847,220,765,132,396,366,640,796
187	609,702,633,456,133,747,969,604,616,481
188	920,665,849,622,535,308,782,614,456,657,664,761,226,876
189	564,124,549,836,635,784,460,866,475,247,103
190	904,698,567,194,578,392,755,260,659,219,568,744
191	387,137,167,610,951,448,510,216,338
192	833,198,775,841,836,206,191,558,752,732,579
193	874,369,216,783,339,742,727,148,644,347,186
194	501,453,517,728,106,781,975,934,720,185,125,309
195	902,699,453,563,229,282,806,301,811,708,482,212,464,247,792
196	555,811,556,865,682,949,379,206,491,881,159,593,155
197	482,384,861,751,674,702,432,550
198	951,842,215,673,690,157,365,513,237,257,622,829,798,407,659,352,984,134,339,675,192,588,491
199	135,251,933,616,642,563,234,146,690,346,920,974
200	388,855,370,496,444,729
201	601,913,668,499,815,119,124,194
202	278,466,661,834,266,104,704,972,131,753
203	934,740,844,734,917,691,585,984,986,940,943,236,492,556,143,801
204	576,277,961,738,121,755,388,163,887,682,685,147,353
205	495,688,311,915,146,258,656,794,779,931
206	880,902,436,859,204,852
207	805,814,123,340,744,185,601,881,906,967
208	911,802,715,392,772,463,350,459,777,218,725,111,829,542,734
209	599,659,288,120,746,614,987,327
210	279,452,280,841,145,678,705,208,531,405,870
211	235,933,451,198,405,594,449,477,366,396,321,963,275,195
212	456,337,559,540,577,640,493
213	192,651,717,899,990,142,318,650,438,547,118
214	611,563,828,240,417,629,570,733,116,908,934,855
215	415,587,256,449,803,786,163,485,459,502,791,157,545,115,523
216	424,863,102,637,322,488,928,758,941,748,608,423,489,658,718,396,267
217	212,749,660,794,899,288,460,247,711,251,211,574,444,328,497
218	472,265,521,634,798,793,260,267,743
219	246,757,406,214,878,193,432,451,298,133,999,228
220	310,396,504,210,996,767,710,628,366,602,748,706
221	453,910,239,859,813,909,115,867,793,661,277,471
222	537,983,980,762,948,824,772,967,385
223	704,536,142,957,678,493
224	372,569,679,381,811,620,612,330,683,909,684,483,900
225	888,432,499,457,276,292,324,493,453,143
226	101,376,344,364,351,524,443,826,819,549
227	282,686,179,461,956,405,141,718,104,579,913,240,505
228	553,906,352,824,649,535,236,281,379,360
229	869,380,557,474,588,875,492,839,495,824,276,290,341
230	725,241,387,304,337,478,393,883,872,203,334
231	784,920,950,300,958,386,592,278,340,187
232	541,964,628,467,592,972,758,640,834,685,129,554,688,212
233	882,108,545,965,141,612,660,720,997,309,580,307,325,268,925
234	759,507,372,485,273,971,809,318,277,770,324,268,792
235	395,747,257,253,986,840,566,876,681,719,614,134,984,383,831
236	762,106,161,434,599,524,649,426,170,876,127,134
237	315,265,685,747,325,658,445,400,793,399,404,745
238	237,418,285,314,612,549,277,907
239	595,184,527,932,771,439,804,832,656,599,190,201,300,874
240	948,686,301,816,588,986,365,820,973,215,333,187
241	855,281,650,745,250,991
242	891,828,975,836,901,357,335,115
243	395,713,158,205,873,293,184,385,218,423,625,710,159
244	398,991,221,411,599,839,247,880
245	785,266,831,771,827,477,445
246	501,708,397,498,990,629,177,898,739,829
247	335,399,669,516,497,961,821,760,369,614
248	365,483,532,688
249	475,469,815,272,865,345,876,248,218
250	267,844,887,566,750,841,725,820
251	988,381,996,954,412,812,590,614
252	617,705,608,837,744,247,492,620,723,346,354,540,591,894,618,468
253	801,648,130,826,188,607,819,364,897,346,963,322,704,821
254	860,995,557,203,442,737,234,124
255	650,445,374,718,304,623
256	837,117,213,370,241,762,507,667,951,696
257	684,966,715,460,538,108,983,358,829,899,222,800
258	499,880,229,440,104,211,498,353
259	616,994,350,937,930,162,690,623,936,460,438,598
260	444,730,972,974,443,536,842,241,325,763,912
261	617,720,683,973,410,549,495,445,563,369,666,489
262	324,438,501,493,379,448,254,506,534
263	358,430,492,877,497,302,577,935,932,194,772,776
264	305,192,191,387,228,972,563,612,910,696
265	842,522,870,919,380,713,451,716,155,110,666,562,439,143
266	494,930,901,114,961,604,155,571,324,667
267	374,319,634,211,594,293,939,476,268,199,698,516,307,580,248,550,260
268	555,523,180,582,778,361,849
269	513,138,656,230,591,314,846,731,422,869,863,637,283,920,928,209,402,485,332,889,638
270	875,389,781,440,630,254,713,192,293,313,770,754
271	483,112,161,719,822,192,609
272	292,401,130,211,273,936,181,300,997,801
273	924,948,534,332,117,972,550,336,273,509
274	438,942,617,718,364,837,803,150,970
275	625,577,364,718,208,708,202,440,110,475,380,862,678
276	931,924,692,451,619,132,752,628,674,756,334,252,154,183,326
277	262,226,279,503,941,946,531,843,969,626,493,549
278	960,387,380,560,800,676,384,315,625,292,290,974,524,335,629,967
279	987,308,885,978,840,981,767,730
280	545,643,685,269,306,380,462,160,447,772
281	385,444,378,911,739,272,103,368,435,679,546,598,139
282	875,749,120,449,814,366,591,966,226,830
283	810,908
284	207,175,458,872,963,313,375,756,486,245,191,949,114,926,393
285	853,674,199,410,350,268,604,192,670,808,156,987,445,477
286	394,762,378,853,347,981,403,698
287	786,583,123,934,857,642,773,177,933,687,320,953,428,656,321,719,274,924
288	782,426,969,730,669,168,567,126,368,846,800,169,284,866
289	180,652,924,692,935,711,622
290	119,367,787,811,725,401,708,393,659,380,748,182,736,838,585
291	213,124,638,710,925,227,781,962,917,987
292	126,677,232,440,537,464,131,276,552
293	712,591,415,239,671,995,121,599,508,189,114,806,673,220,836,699,128
294	793,862,461,844
295	197,872,221,670,971,455,629,531,235,715,198,260,378,439,775,634
296	499,573,635,856,378,241,185,556,961,541,863,717,519,788
297	268,319,645,980,373,738,672,977,128,568,541,992
298	896,654,580,469,167,408,455,536,341
299	783,268,685,920,378,423,267,209,799
300	145,688,666,103,288,671,147,589,662,880
301	754,879,646,553,565,280,131,555,265,116,826
302	104,466,860,333,379,705,801,790,827,914,537
303	305,424,789,759,362,858,223,715,949,177
304	273,907,771,139,896,517,539,143,876,358
305	206,202,901,638,494,495,138,403,313,639,795,164,924,239,838,470
306	925,278,677,669,656,550,564,338,576
307	485,681,984,708,874,603,559,595,971,402
308	691,382,893,230,281,408,290,795
309	211,816,319,627,898,572,459,192,791,944,110,545
310	379,290,471,734,457,255,306,505,839,168,609
311	189,231,314,405,921,117,230,471,761,577,678,701,604,552
312	792,231,973,859,346,630,786,102,425,504,907,187,362,749
313	522,133,686,871,486,295,668,195,277,780,927,861,305,551
314	916,143,195,514,388,987,149,394,207,223,856,698,226,622
315	169,872,355,601,446,755,396,606,675,388,701,542,769,522,858,794
316	248,880,997,140,554,449,347,771,726
317	791,722,342,709,257,136,761,564,620,511,606
318	513,432,200,462,252,836,567,938,887,953,999,280,985,982,499,624
319	430,594,224,230,960,275,474,498,356,416,583,904,492,629,783,317,234,107
320	526,259,575,541,852,627,644,681,655,732,249,731,736,803
321	165,713,993,163,945,806,848,257,827,105
322	835,745,893,434,914,911,800,839
323	811,738,207,898,916,815,412,546,109
324	205,748,578,573,437,335,509,899,676,397,331
325	699,916,163,119,927
326	598,849,725,438,595
327	180,734,292,949,525,199,407,564
328	707,517,294,709,890,636,155,805,229,166,862,987,190
329	834,475,876,746,311,218,716
330	318,278,250,241,190,849,311,454,184,481,489,103,609,297,955,545
331	585,966,456,516,657,224,599,948,172,811,126
332	378,184,914,260,670
333	824,603,512,463,832,281,816,180,935,167,883
334	772,530,751,615,550,315,605,963,524
335	548,554,646,237,307,196,243,659,707,695,125
336	393,597,374,364,907,513,350,327,114,911,906,952
337	469,117,939,189,551,198,458,985,712,253,176
338	129,598,249,145,547,200,293,983,445,827,281,270,579,359,581
339	103,552,748,518,830,238,908,819,890,508
340	186,105,859,111,874,168,889,157,572,775,284,254
341	864,128,909,213,682,382,989,749
342	230,554,857,439,892,834,592,311,493,683,433
343	943,902,967,411,204,431,714,670,392,499,885,440,120,745,436,553
344	308,227,306,159,864,506,536,994,366,299
345	210,654,951,994,714,976,249,282,522,244
346	140,740,548,490,160,502,353,759,831,459
347	804,697,360,108,934,742,168,239,174,513,196,294,854,393,953
348	983,341,276,704,439,559,350,165,623,593,425,181,158
349	889,555,122,160,151,877,970,942,343,356,225,471,606,973,230,281
350	176,630,900,890,308,343,686
351	655,212,399,416,843,244,332,258,501,729,561,572
352	358,601,431,503,854,650,881,863,149
353	443,673,714,351,597,124,619,301,641,856,925
354	145,169,732,864,236,334,846,780,180
355	177,523,752,509,262,466,320,416,203,985,718
356	308,480,408,672,161,723,551,232,720,535,280,198
357	549,530,748,997,759,292
358	702,733,472,478,839,304,322,623,246,172
359	420,410,752,859,643,605,912
360	909,461,273,890,951,110,827,503,160,418,574,525,571,489,609,955,105,445
361	511,641,500,476,330,461,362,814,845,926,718,721
362	649,797,757,783,218,444,366,971,419,352,691,613,773,755
363	474,117,218,634,655,835,708,782,127,450
364	271,951,782,899,896,693,249,204,543,522,114,512,200,685
365	481,529,545,902,285,419,551,609,331
366	439,504,850,485,434,308,336
367	245,767,214,135,759,265,553,229,551,528,403
368	759,365,826,564,212,811,825,766,278,316,955,232,876,929
369	401,161,754,906,692,973,932,570
370	862,451,499,395,180,986,213,732,240,709,827,975,557
371	937,364,365,778,440,668,535,310,705
372	919,125,238,491,994,982,898,461,298,424,174,450,714,656
373	319,158,932,968,908,719,772,537,722
374	282,780,149,794,883,630,532,792,770,315,875,876,121,802,150,254
375	668,603,262,110,833,966,311,332,384
376	956,338,791,963,882,600,294,172,360,687,815
377	411,346,856,987,828,639,924
378	439,621,433,674,785,967,665,219,118,739,238,736,702,791,452
379	969,945,387,767,635,245,824,875,169
380	789,651,728,729,220,260,582,749,949,509
381	715,300,855,392,420,374,185,190,354
382	134,503,933,399,550,766,940,305
383	103,900,660,915,370,224,331,522,883,769
384	765,386,770,195,887,514,581,834
385	678,272,417,240,996,908,822,358,831,139,144,813,833
386	157,282,794,252,708,759,411,393,798,414,642
387	988,362,250,923,827,507,572,886,168
388	386,683,236,928,367,475,788,682,420,365,228,232,940,753,952,715
389	177,127,727,644,672,486,371,643,930,910
390	464,635,410,387,132,703,220,929,361,496,568,829
391	363,964,839,450,396,104,820,153,922,215,762,196,317,452,675,600,374
392	249,428,623,897,644,104,777
393	160,934,791,895,389,764,353
394	525,927,132,142,466,731,779,179,487
395	464,810,947,264,855,701,545,813,876,394,434,669,154
396	549,867,173,835,385,932,912,781
397	402,827,278,340,777,623,140,841,784,556,701,496,893
398	774,109,732,524,279,561,464,177,417,440,853,431,200,709
399	654,868,568,519,959,935,382,730,678,926
400	934,614,322,373,234,734,984,928,807
401	816,869,313,129,162,163,541,239,969
402	306,175,299,889,823,126,162,844,958,293,147,209,965,854,267,710,532
403	220,686,214,701,868,271,789,159,316,870,610,288,581
404	530,827,727,620,339,171,119,613,168,679,205,391
405	610,409,357,912,820,533,613,784,528,141,142,669,816,247,290,400,399
406	860,777,835,411,612,665,563,721,141,804,306,454
407	177,217,691,508,808,568,324,316,514,360,754,317
408	111,445,317,719,755,904,847
409	655,986,371,516,829,686,171,402,708,992,609,919,489,108,997
410	950,309,336,980,951,268,117,347,978,455,215,588,908,614
411	321,360,892,745,717,195,301,614,600,322,602,421,779,203,544,376
412	249,747,879,470,172,938,671,908
413	321,753,985,249,706,606,863,410,894,921,624,153,588
414	926,720,369,324,403,490,139,342,810,201
415	921,632,817,121,871,923,218,713,750
416	797,780,866,479,646,219,882,475,876,676,438,578,840
417	548,534,513,132,613,482,647,250,197,497,422,555
418	572,933,347,713,870,976,149,980,697,988
419	932,380,702,663,963,915,253,144,642,457,864,719,773,873
420	609,522,949,530,213,877,312,510,852,799,493,211
421	127,983,288,284,440
422	104,110,482,848,594
423	773,980,883,396,873,325,249,787
424	644,734,786,541,198,831,447
425	763,133,817,283,683,940,783,430
426	785,920,210,958,881,930
427	526,976,315,988,791,400,236,779,596,765,375,502
428	117,874,136,239,722,304,875
429	270,741,880,657,701,754,910,221,895
430	568,529,976,127,456,444,709,850,984,422,431,237
431	431,258,788,573,294,280,735,360,787,540,329,796,880,423,365
432	356,219,187,459,695,711,385,531,877,744,102,183,632,320,614
433	646,725,298,256,806,261,672,534
434	261,697,259,149,608,660,779,599
435	443,744,183,556,757,278,832,115,358,892,333,479
436	115,900,824,309,419,516,987,353,914
437	551,827,943,774,113,911,189,970,355,558,787,849,888,860,385,734,691
438	895,668,915,406,491,351,232,184,345,767,577,865,881,553,644,377,981,653,133,897,583,167
439	589,164,638,249,912,916,101,479
440	371,144,753,755,784,333,572,193,241,844
441	500,401,407,524,322,601,107,644,722,154,472
442	906,320,518,242,551,283,122,766,895,732,671,317,176
443	513,991,484,646,144,738,109,518,685,682,121,415,963,314,117,757
444	858,799,616,862,941,865,705
445	905,473,998,278,912,538,144,619,647,875,565,306,854,417,297
446	686,684,347,412,161,714,983,811,755,956
447	261,472,962,282,796,772,413,648,263,734,933,934
448	132,321,489,542,720,821,654,246,174,173,363,237,662
449	569,756,523,242,424,147,121,323,683,197,443,821,619,695,665,855,954,308,453
450	620,715,626,126,246,722,250,466
451	563,794,991,861,361,264,356,788,401,130,497
452	162,638,474,332,481,258,936,551,458,606,244
453	524,462,237,924,270,660,391,928,679,786
454	381,460,669,172,430,676,571,222
455	525,255,180,262,686,550,116,582
456	308,287,633,605,618,723,173,907,587,547,160
457	619,965,943,614,410,352,183,182,200,490,590,437
458	946,114,732,343,901,396,988,553,120,907
459	672,726,568,575,508,700,629,419,381,670,283,574,898,418,664,438,880,463,891
460	462,117,456,809,275,933
461	858,504,534,915,420,514,452,430,944,119,753,423,940,460,956
462	653,598,691,894,728,782,283,660,693,791,961,706,740,374,395,761,481,765,649
463	758,419,771,986,781,991,272
464	448,752,592,855,610,940,969,678,118,362,908
465	933,386,321,963,394,764,779,535,631,156,118,242
466	794,981,847,570,181,791,666
467	793,358,365,752,147,205,444,285,449,899,204,499,335
468	691,309,581,518,860,446,751,551,948
469	183,670,258,274,169,668,925,267,605,866,793,664,453,861,220
470	985,800,946,875,676,569,634,788,351,833,184,544,319
471	319,535,647,229,996,877
472	438,232,282,467,446,557,441,887,376,744,867,285,506,780,583
473	989,496,539,249,409,306,451,774
474	711,848,698,482,969,509,154,371
475	173,922,614,452,184,168,956,870,664,137,234,835,339,124,494,618
476	623,403,226,956,583,237,577,350,328,109,871,821,129
477	818,740,543,798,644,145,921,424,577,804,132,717
478	252,649,877,953,281,133,597,832,712,489,803,517,577,455,648,886
479	713,116,666,569,649,315,198,979,481,567,937,882,193,338
480	257,744,908,185,281,478,903,564,595
481	471,786,152,603,460,676,168,853,356,297,315,604,546,343,464,457,298
482	161,804,363,788,904,775,693,273,477,827,821,498,696,920
483	125,879,136,498,559,510,493,897,433,788,164,466,345
484	817,746,617,564,232,882,492
485	574,677,962,899,150,880,713,624,575,959
486	181,344,118,798,944,616,927,842,392,358,653,865,334,376,575,886
487	253,854,313,542,936,879,949,809,361
488	957,917,908,318,473,557,519,912,385,659,689,677
489	941,497,154,561,602,704,995,444,442,993,546,541,381
490	170,101,875,849,217,886,109,626,354,198,187,547
491	101,240,269,368,766,865,852,362,220,487,964,439,586,999
492	687,379,241,616,709,314,916,427,693,210
493	713,572,607,748,685,413,344,939
494	599,541,635,589,281,911,780,634,946,896
495	908,162,649,658,753,108,240,926,974
496	210,357,719,614,662,988,332
497	917,294,817,501,321,373,828,337
498	599,119,664,940,941,338,138,968,400,480,822
499	299,169,258,816,101,919
500	216,990,248,913,895,532,255,900,614,503,641,246,755
501	145,907,199,375,291,179,866,684,192,921,205,583,792,731
502	688,256,180,117,839,185,622,519,611,743,383,337
503	347,267,747,404,297,990,441,346,853,828,432
504	442,127,123,984,693,520,298,753,596,361,806,970,102,588,959,226,488,193,704,199,954
505	530,483,983,326,955,298,765,225,892,295,926,807,554,535
506	354,167,843,550,493,363,216,758,781,214,520,157,451,919
507	404,406,227,693,199,470,902,875,130,344,959,502,434
508	376,369,272,531,655,578,800,740,818,644,120,509,551
509	536,679,423,712,849,162,450,640,647
510	289,190,238,128,463,397,984,163,295,781
511	448,870,106,478,889,846,378,599,148
512	133,994,121,239,761,948,364,299,976,980,453,321,335
513	863,731,256,534,709,221,146,564,951,641
514	417,490,439,841,765,774,283,176,101,892,469
515	453,329,135,499,802,739,132,850,116,293
516	598,876,537,927,434,589,331,636,800,494,738
517	354,567,418,560,322,496,501,644,217,982,731,366,895
518	495,564,999,452,807,661,814,492,687,894,998
519	846,131,722,922,215,666,751,146,101,808
520	430,239,126
521	360,819,877,508,104,181,475,566,324,244,453
522	288,940,810,495,754,577,252
523	757,125,983,806,891,845,658,134
524	181,601,109,136,935,569,591,441,391,229,376,202
525	751,888,363,511,589,134,586,113
526	436,476,236,523,223,414,288,296
527	881,210,328,536,606,330,619,249,768,808,122
528	503,185,961,972,196,121,892,156,762,936,763,648,472,662,953
529	700,683,196,573,986,282,615,239,477,227,510,875,487,740,808,858,420
530	141,724,367,699,730,305,606,943,868
531	512,456,653,326,438,457,604,300,637,719
532	651,722,173,397,925,325,635,983,541,473,378,597,404
533	935,968,681,297,699,383,254,656,811,882,893,539
534	240,297,138,417,233,219,443,701,853,331,389
535	267,915,744,414,854,677,719,662,486,439,538,589,567,496,187,968
536	991,325,762,691,517,244
537	483,948,836,758,541,740,719,664,881,615,104,255,228,249
538	439,976,832,872,849,133,394,581,663,908,494,794
539	437,979,404,417,374,948,858,196,798,365,167,496,492,688,973
540	716,227,175,188,906,879,636,659,518,696,199,717
541	786,914,787,698,615,539,943,519,107,699,753,623,492,565
542	143,839,451,691,692,125,320
543	192,513,933,543,850,302
544	152,961,983,767,598,356,229
545	580,922,455,898,862,572,395,510,549,868,543,164
546	458,609,487,356,351,931,225,604,496,953,585
547	926,955,771,511,379,339,754,377
548	416,766,819,592,119,301,790
549	417,814,460,801
550	920,745,113,586,459,179,634
551	376,537,794,949,442,718,168,474,652,758,351,592,538,350,777
552	843,123,513,591,566,406,137,484,279,431,358
553	792,361,938,366,391,604,421,858,236,249,443,741,166,644
554	584,435,654,704,902,156
555	403,780,556,283,102,588,640,758,238,842,206
556	974,225,591,904,604,384,556,853,646,286,138,196,908,280,798,630,734,503,444,475,414,303,808
557	801,321,179,338,135,138,901,758,609,750,875
558	433,450,727,191,701,574,398,851,924,246,739,274,518
559	553,552,790,701,303,393
560	109,595,551,743,575,603,374,955,794,564,440,742
561	801,248,155,923,273,386,427,628,412,247,315,691,661
562	504,386,705,932,896,980,348,113,569
563	914,871,139,401,156,297,931,292,904,557,609,403
564	105,558,933,963,804,121,162,684,816
565	304,684,544,828,859,526,138,899
566	340,173,290,728,911,264
567	982,185,774,724,509,330,859,239,228,793,889,693,154,500,762,948
568	448,425,557,277,652,769,839,121,363
569	866,148,325,780,718,485,554,532,677,851,764,644,827,870
570	996,705,975,323,319,743,487,826,310,158
571	148,960,118,707,401,306,689,339,489,680,809
572	736,634,567,234,289,832,789,896,467
573	301,907,492,730,281,452,796,287,860,624,679,384,256,685,142,606
574	657,527,514,773,855,266,593,837,708,368,453
575	993,109,868,113,686,677,579,656,609,827,137,533,987,704
576	902,453,924,362,653,360,814,786,716,637,957,783,875,439,584
577	450,634,561,491,779,551,291,403,113,926,272,130,886,914,340,497,290
578	568,267,730,257,830,360,911,157,691,522,464,242
579	679,371,865,594,409,405,486,422,589,478,794,593,425,523,154
580	533,881,229,130,418,517,956,923,918,277,535,192
581	330,325,576,896,608,601,899,295,976,202,593,586,258,852,774,460
582	637,938,341,720,662,157,841,654,191,540,190,389,697,146,152,572,484
583	779,121,382,392,342,375,436,506,276,665,732,886,457
584	534,476,402,950,922,714,790,556
585	262,335,487,738,298,983,218,150,703,457,918,448,160,402,114
586	426,404,968,521,419,528,361,898,325,796
587	368,448,873,915,723,504,816,434,938,150,556
588	999,135,739,973,636,746,903,941
589	245,567,984,399,560,412,734,282,757,743
590	417,432,569
591	377,134,615,322,506,320,135,668,376,520,953,470,994,641,330,746
592	186,930,879,805,606,350,564,691,226,126,992,317,129,973,733
593	182,401,262,478,464,893,460,136,786,109,145
594	439,350,412,319,209
595	515,218,189,774,761,239,994,378,777,746
596	679,743,838,993,935,665,986,196,412,790,498,888,730,840
597	480,388,729,977,221,692,991,115,366,528,842,966,135,199
598	175,187,786,923,232,797,682,943,535,520,668
599	340,507,896,487,151,386,477,822,420,731
600	163,544,722,202,218,477,812,514,298,894,359,823,659
601	565,971,530,539,531,495,471,264,256,103,305
602	903,494,511,547,710,745
603	311,305,698,705,737,836,357,212,475
604	535,613,305,444,972,768
605	860,300,240,140,916,633,629,248,112,520,994,283
606	469,745,698,364,484,260,226
607	187,220,247,276,588,394,921,492
608	566,371,908,546,583,451,494,284,448,258,520,232
609	503,465,504,964,767,814,976,246,787,135,691,945,612,207
610	389,502,934,460,803
611	849,369,888,485,951,792,643,486
612	520,297,533,868,796,768,712,691,726,307,445,361,290,260,159
613	984,922,115,870,595,742,199,417,180,548
614	164,315,895,914,171,286,742
615	289,588,639,918,122,998,939,790,489
616	293,650,707,610,643,952,825,811,653,823,631,133,878
617	425,882,941,451,326,106,848,792,967,669,527,786,973,696,976,550,154,118
618	740,650,790,874,190,583,198,267,756,846
619	461,965,250,619,392,420,815,975,327,405,808,777,886,584,400
620	155,496,440,937,510,824,489
621	110,198,688,403,232,580,962,865,246,929,233,139
622	495,707,944,291,191,878,769
623	313,218,439,312,565,265,215,411,758,688,525,389,939,685,280
624	227,450,837,708,434,884
625	367,409,470,622,274,715
626	510,269,229,284,103,665,262,376,368,473,946,535,614
627	515,621,330,948,866,715,246,433,837,264,245
628	991,894,969,139,977,718,739,925,807
629	586,501,396,403,157,221,972,659,452
630	629,682,487,814,759,978,117,371,110,341,240
631	765,764,496,876,826,854,769,965,774
632	637,666,890,172,112,804,285,276,167,924,382
633	168,776,610,485,111,468,598,438,482,460
634	401,888,820,206,973,694,800,622,540,562,839,302,325,862,458,620
635	363,234,516,943,619,719,277
636	176,813,696,906,763,700,697,730,240,644,766,123,817,933,541
637	831,860,663,459,155,154,144,203,220,929,314,214,245,785,301,826
638	616,525,794,677,202,417,755,830,479
639	730,289,990,502,460,849,381,711,608,124,120,411,951,793,589
640	499,388,806,517,605,636,301,838,537
641	197,228,521,714,137,473,169,159,689
642	919,281,291,786,598,903,949,193,574,103
643	731,368,622,320,391,507,166,416,657
644	938,718,733,224,310,195,810,701,313,466,705,122,654,944,191
645	434,306,968,726,367,860,803,840,375,731
646	847,323,746,578,268,893,965,788
647	224,978,272,246,381,914,972,546,293,186,796,861,881,149,331,771,312,113
648	216,718,369,274,493,665,717,834,252,198,349
649	628,506,262,572,802,558,533,789,938,348
650	339,899,963,115,387,273,192,888
651	347,320,258,591,302,829,126,456,541,884,201,983,820,755
652	640,265,920,879
653	705,993,892,359,471,854,810,699,543,875
654	741,953,129,591,805,633,775,190
655	650,984,569,394,946,552,718,559,437,741,132,539,930,313,991,893,689,134
656	972,655,289,178,502,461,583,481,652,417,158,917,473,727,903,770,562,511,543
657	667,594,843,841,973,525,143,519,571,628,397,128,637
658	543,949,859,523,893,418,507
659	773,418,126,654,273,838,231,449,530,804
660	535,130,532,497,235,642,337,570,756,729
661	292,282,941,171,410,218,759,460,584,445
662	795,619,900,195,788,318,794,828,921,574,290
663	909,784,694,638,308,124,737
664	173,349,453,955,368,306,243,276,714,464,592,841,308
665	622,939,363,455,921,624,578,795,162
666	262,364,934,716,287,339,668,914,764,951,311
667	548,856,285,741,158,295,403,293,488,870,637,204,230
668	761,970,914,344,302,383,958,140,231,188,455
669	226,940,666,905,932,997,882,757,129,715,886,730,635,647
670	968,433,306,810,875,189,242,611
671	779,917,420,925,608
672	907,386,331,676,847,876,752,235,377,783,632,756,655,603,458,151
673	547,764,165,814,986,327
674	667,276,999,318,844,127,665,993,227,868
675	442,963,280,594,211,234,200,683,485,217
676	125,147,887,468,367,825,160,873,343
677	566,735,487,802,765,488,348,317,293,101,953,451,452,107
678	658,124,258,792,174,168,685,501,654,347
679	651,739,112,804,974,547,803,752,144,485,701,452,634,450,209,843
680	369,469,526,214,818,145,672,656,107,401
681	368,922,164,719,466,479,201
682	236,147,323,497,759,883,999,596,553,308,653,662,850,135
683	642,492,506,624,591,462,804,355,590
684	103,509,802,223,436,430,873
685	603,166,655,555,945,972,163,153,186
686	683,300,730,131,656,423
687	908,420,711,917,792,281,183,689,775,410
688	394,821,619,985,426,390
689	737,339,186,655,569,358,605,827
690	781,824,370,530,599,578,602,832,565,866,638,196
691	829,205,910,918,257,982,869,848,159,839,769,365
692	743,598,544,337,220,425,171,481,697,998
693	567,409,784,915,511,241,898,867,850,485,342,631,444
694	975,335,213,786,576,514,795,558,402,158
695	577,250,248,721,132,696,639,130
696	450,138,994,762,343,458,265,214,908,269,668,913,545,988
697	909,845,635,683,742,739
698	566,122,472,738,593,434,669,785,440,489,819,844
699	249,765,203,956,487,871,912,740,794,708
700	821,845,237,126,172,532,848,301,328,505,524,101,379,875,655,598
701	440,676,937,394,586,822,243,751,559,351,151,961,225
702	392,669,400,986,244,778,996,650,881,193,109,725,466
703	864,564,255,190,821,411,391,302,273,854
704	845,852,250,987,328,156,321,546,476,872,271,639,858,753
705	692,948,419,296,387,177,798,301,376,958
706	251,159,464,370,424,756,796,952,259,294,526,711,764,278,826,562,528,130,689
707	874,124,367,327,462,427,598,728
708	454,869,658,908,297,951,742,372,401
709	413,336,344,916,385,563,503,349,492,755,532,525,756
710	492,343,126,158,935,317
711	647,249,798,742,583,357,353,881
712	869,884,714,610,889,725,630,747,784,663,208,167,164,257,127,236
713	356,817,636,333,975,265,519,720,551,446,683,477,398,611,179
714	543,384,248,623,496,377,695,518,324,402,728,648,388,448,814,229
715	523,843,650,976,362,269,122,602,673,759,119,273
716	964,694,685,722,682,335,574,688,760,939,580,172
717	194,521,143,415,721,512
718	651,195,646,162,627,221,941,658,354,704
719	779,206,275,741,813,987,419,584,663,287,900,138,893,624,237,789,292,778,643,411
720	176,854,364,816,862,510,620,742,462,466
721	324,164,506,730,544,429,551,155,287,950,501,306,142,168,643,308,408,380,883
722	407,169,585,502,445,855,975,392,245,522,209,861,456
723	181,183,718,210,168,335,447,971,115
724	873,547,669,705,120,199,317,252,751,659,959,563
725	885,973,129,719,783,784,383,261,173,426,506
726	337,115,111,177,235,555,644,949,158,958
727	102,737,415,858,169,795,932,864,728,397,517,630,484
728	288,295,307,608,630,956,923
729	658,667,627,623,764,185,710,213,377,693,533,699,758,770
730	917,236,200,168,557,477,172,793,963,816
731	177,710,814,977,609,611,871,197
732	330,673,654,917,327
733	787,982,905,479,476,591,453,630,577,943,277,940,169,359,876
734	177,108,975,475,724,830,824,576,884,224,923,143,907,398
735	513,839,314,425,659,186,355,501,680,189,966
736	211,674,973,555,731,757,324,355,468,854,426
737	753,408,571,340,239,289,337,124,369,830
738	292,234,525,192,663,551,137,759,218,717,954,855,405,419,200
739	503,198,643,733,296,731,439,407,385
740	185,421,619,527,926,256,233,720,341,789,241,643
741	480,549,550,463,142,190,121,979,108
742	848,957,485,739,993,774
743	383,846,596,186,443,670,386,120,936,307,395
744	678,354,157,214,505,728,535,880,979,954,848,492,472,273,544,609,355
745	625,890,982,314,755,322,685,468,989,423,292,712
746	278,310,269,332,249,743,211,192,503,780,183,479,356,120,137
747	418,572,986,945,379
748	108,457,114,330,563,596,204,447,172,780
749	891,576,146,792,384,788
750	230,562,863,953,748,117,966,848,856,463,105,946,771,167
751	398,178,949,873,976,536,836
752	158,123,984,828,594
753	636,146,495,998,563,441,878,724,323,356,353,194
754	488,684,393,220,244,492,141,835,963,992,656
755	363,231,416,753,319,295,481,741
756	814,397,186,627,499,744
757	937,932,680,187,101,962,332,619,117,439,970,520,219,176,366,828,391,742
758	404,925,396,817,125,166,162,259,944,420,714,917,551,691,722
759	784,741,677,878,147,372,614,421
760	190,353,377,538,709,742,350,787,545,431,178,325,979
761	983,358,486,963,724,142,363,174,777
762	317,198,407,377,258,642,360,826,696,365,914,802
763	448,934,581,456,525,957,695,633,734,886,693,830,477
764	801,914,558,644,307,803,364,866,538,968
765	956,355,185,864,117,909,273,250,411,876,924,334,526,205,483
766	615,880,896,852,126,542,809,970,799,412,681
767	866,828,520,398,840,501,440,485,586,215,145,428,348,471
768	251,568,698,924,478,282,325,750,614,317,944,893,573
769	796,451,381,996,630,283,298,731,482,218,486,625,264
770	813,399,646,787,590,992,223,167,195,258,190,768
771	919,327,691,717,142,755,155,510,845,995,144,478,312
772	702,234,855,609,773,439,520,376,476
773	441,927,369,287,585,439,456,605,717,558,640,906,174,505,636
774	319,185,918,281,895,355,328,487,615,337,215,303,952,862,807,934,664
775	507,280,830,374,734,215,841,255
776	394,548,645,554,250,281,549,877,161,303
777	933,901,241,723,230,161,635,834,265,842,365
778	617,101,362,423,407,320,844,149
779	959,902,568,908,573,732,824,107,290,626,401,639
780	560,666,705,871,238,968,427,319,476
781	505,607,210,881,890,244,737,542,557,988,275,728
782	899,771,391,997,338,312,453,687,336,825,344,534
783	816,392,480,390,934,500,671,352,171,149
784	882,854,888,642,230,298,769,809,567,781
785	979,434,532,487,313,262,304,683,475,367,648,107,766
786	389,114,811,910,983,909,278,112,616,799,562,239,180,807,603,129
787	609,557,870,217,750,764,857,591
788	753,804,650,626,183,996,841,448
789	606,341,993,368,826,560,782,531,605,328,945,314
790	919,358,148,845,149,966,986,897,141,459
791	645,970,984,135,547,226,169,896,265,497
792	955,328,629,611,512,673,741,239,460,871
793	130,646,952,361,991,537,267,289,738,797,543,713,742,252
794	244,550,739,116,925,262,214,866,659,654
795	305,630,176,287,344,734,351,725,565,833,190,175
796	116,432,860,751,475,778,705,148,719,687,760
797	586,498,570,488,285,967,653,300,765,195,526,938,694,686
798	929,232,515,923,657,189,482,391,938,409,401,627,523,422,869
799	649,855,250,112,947,871,787,778,447,592,539,545,932,765
800	325,629,515,685,109,997,524,381,944,249,210,766,920,177,263,773
801	441,726,827,113,822,567,704,993
802	325,514,127,193,518,901,354,138
803	446,441,299,477,238,358,581,814,895,840,561,782
804	348,141,554,646,331,178,244,633,338,246
805	368,632,187,636,823,376,386,416,171,876,264,117,309,119
806	370,788,795,162,260,809,898,416,717,895,173
807	502,336,921,121,134,484,973,444,388,140,872,704,904,925,531,553,751,940,861,827,497,238,808
808	488,586,662,894,654,740,212,484,120
809	930,166,538,987,923
810	125,781,542,448,390,828,826,866
811	387,336,583,822,944,861,236,819,457,150
812	324,534,261,892,554,378,499,587,707,169
813	727,401,783,696,704,813,889,448
814	967,985,634,240,759,938,147,191,449,319
815	385,137,219,863,760,342,945,513,178,934,820,116,854
816	538,409,333,248,827,529,978,131,952,647
817	937,488,383,302,946,480,607,393,987,667,690,713,848,761,535
818	256,956,341,374,821,609,457,707,349,508,924,411
819	427,150,364,269,931,621,444,210,993,587,761
820	288,349,386,600,131,362,166,979,711,381
821	282,223,179,174,475,497,899,538,715,271,925,790,840,852,479,907
822	693,940,426,483,550,585
823	502,440,253,110,327,170,297,751,841,981,985
824	250,220,923,256,889,566,850,274,344,983,164,225,456,840,823
825	773,471,800,772,200,862,412,256,915,408,790,311,726
826	594,293,135,543,405,835,315,181,196,599,243,605,869,320,511,994,777
827	554,137,625,878,930,161,759,311,970,445,181,910
828	657,936,745,334,905,927,172,820
829	607,174,301,118,639,191,795,958
830	967,753,958,795,802,766,185,347,647,547,144
831	148,512,748,981,700,105,990,185,882,989,272,187,630
832	868,672,996,939,957,812,428,132,244,130,144
833	407,788,814,794,664,197,756,631
834	917,437,270,870,816,152,647,576,733,243,546,565
835	777,648,170,709,889,509,998,600,325,885,143,861,121,590,522,950
836	507,138,519,189,151,575,710,276,639,794
837	714,643,722,436,705,819,282,970,565,575,599
838	642,477,281,923,661,650,863,300,613,911,913
839	168,325,945,519,627,947,662
840	513,204,299,681,612,516,999,664
841	825,859,185,995,896,464,434,293,842,796,652
842	540,572,949,311,876,289,134,143,928,511,390
843	562,358,961,266,929,181,867,226,487,574,969,803,360,575
844	434,938,366,287,579,281,451,710,870,344,117,912,812,673,437,480
845	596,551,852,896,146,771,955,407,999,402,778
846	850,656,178,229,748,159,669,504,777,108,146,749,540,867,164
847	556,315,174,560,691,849,596,469
848	430,582,664,166,164,625,160,799,767
849	854,964,876,205,851,488,455,336,454,104,734,542
850	210,284,462,898,515,797,829,557,330,406,511
851	493,262,874,512,612,641,331,106,442,402,392,273,584
852	423,237,863,874,314,280,884,315,813,628,759
853	613,615,714,175,743,527,360,182,748
854	126,545,212,599,144,790,855,689
855	857,219,339,656,705,400,502,902,538
856	677,279,536,565,357,445,436,179,746,549
857	606,904,998,393,936,613,415,622,420,408,593
858	529,225,953,213,371,570
859	205,136,633,757,264,174,114,627,147,876,936,845,443,341
860	122,495,747,477,460,889,931,808,645
861	828,928,281,871,169,635
862	548,615,926,463,717,277,379,558,364,675,562,804,772,780
863	357,827,201,452,804,356,615,671,682,179,807,895,409,394,768
864	656,664,529,208,109,160,103,123,372,413,470
865	296,685,886,168,965
866	807,995,718,621,286,529,627,595,282,538,313,217
867	943,728,270,173,590,234,206,285,448
868	715,439,918,804,516,583,643,969,263,860,637,798
869	134,126,669,218,102,908,319,351,839,924
870	459,797,874,902,913,221
871	443,958,766,930,351,589,560,292,335,396
872	511,908,139,784
873	431,521,284,142,171,307,147,909,716,813,425,253,963,165
874	159,200,322,912,343,675,719,166
875	815,609,648,160,276,106,770,808,195,900,112
876	870,914,950,772,573,684,800,552,210,758,296
877	543,617,749,834,501
878	101,116,325,870,220,120,417,485,553
879	159,289,216,383,426,234,107,532,902,315,832
880	233,764,670,361,368,280,240,410,918,678,626,208,737,826,408,168,985,983
881	721,796,640,889,110,412,468,930,444,434,432,529
882	556,474,770,427,804,160,211,161,816,130,354
883	116,746,456,633,246,545,581
884	576,366,480,853,688,885,642,343,609,714,552,710
885	505,689,415,510,744,193,146,290
886	463,195,826,758,449,494,461,673,635,846,824
887	758,986,663,645,134,870,551,881,498,589,840,111,690,450,624,934,947,374,930,797
888	203,264,235,539
889	670,837,982,387,777,326,232,242
890	557,722,827,957,595,471,589,974
891	371,897,697,612,136,909,286,104,399,856,434,625
892	395,808,455,362,216,926,605,730,466,248,457,417
893	756,264,196,691,541,221,373,777,603,925,991,684,204,748,445,449
894	983,757,233,589,860,336,840,430,987,830
895	292,188,757,334,920,344,199,613,278,584,988,859,180,611
896	659,716,975,808,114,250,854,779,158,156,910,586,804,338,368,673
897	308,851,893,545,653,159
898	857,654,740,298,934,595,193,727,386,931,753,202,164,827
899	919,476,370,958,910,742
900	527,580,202,977,970
901	777,760,120,918,792,864,267,492,459,497,659,137,486,902,728
902	200,553,646,812,215,370,926,182,302,902,491,817,121
903	823,618,467,458,839,435,774,296,500,176,795
904	166,831,576,362,261,451,524,670
905	653,287,442,137,519,438,947,374,897,342
906	540,296,608,657,673,804,361,799,578,897,758
907	951,619,724,782,402,415,680,431,925,189
908	708,848,131,419,304,680,244,311,575,729,490,689,559,930
909	374,597,456,350,144,640,960,989,697
910	417,904,162,859,528,830,188,963,881
911	278,565,266,751,634
912	294,496,511,740,215,398,447,646,154,282,570,631,267,243,415,341,464
913	111,622,540,423,537,727,476,728,917,559
914	429,843,606,964,797,479,536,110,134,190,242,434,588
915	477,363,542,756,212,568,603,179,396,618,786
916	525,520,380,573,517,230,667,927,564
917	881,356,511,185,845
918	329,660,370,897
919	873,201,436,668,470,216,142,708,750,398
920	316,758,859,668,509,676,937,325,759
921	169,622,542,504,343,942,468,269,322,738,340,139,393,657,610,519,193
922	999,448,694,198,246,180,556
923	227,496,729,407,968,317,490,971,105
924	586,298,904,513,846
925	875,133,567,329,181,459,964,595,596,480,376,640
926	744,752,936,212,192,812,575,178,961
927	122,187,338,499,515,891,952,751,191,918,306
928	214,858,911,358,923,717,635,716,123,608,751
929	728,838,759,694,533,404,508,134,631,765,958
930	561,105,119,396,412,505,347,353,439,517
931	119,779,155,445,821,370,261,504,181,947,681,940
932	412,434,923,494,403,143,182,418,323,687,575,758,995
933	905,132,857,484,264,978,835,225,907,694,101,640
934	189,469,102,677,281,175,201,407,876,377,919,163
935	834,598,200,292,497,796,774,940,698,483,360,486,863,637,988
936	225,633,786,682,170,848,384,520,601,358,258,342,394,802,349,102
937	218,815,459,876,568,707,864
938	505,957,530,612,852,799,218,552,474,188,621
939	849,164,225,502,248,111,732,612,285,411,930,367,605,128,780,347,965
940	615,581,669,178
941	923,688,942,572,675,117,789,464,979,946,883
942	846,709,511,283,270,429,688,642,131,189,388,924,938,618,676,502
943	990,827,296,116,960,585,728,125,691,814,146,588,363
944	607,335,921,551,584,150,170,889,875,897,131,174
945	526,902,155,199,689,518,602,363,507,173,399,114,389,969,519
946	199,189,781,419,671,567,570,892,759,293
947	448,735,238,162,794,454,749,323,730,192,313,141,182
948	942,205,984,536,857,193,340,164,691,102,677,978,177,638,864,487
949	624,502,798,450,524,789,911,693,293,375
950	433,618,279,467,483,600,281,880,192,278,997,361,817,761
951	107,620,215,550,193,142,257,298,426,864,154,583,845,554
952	619,663,459,315,167,694,634,515,648,483,288,967,636,900,773,348,686,254,743
953	603,964,291,614,401,785,613,488,598,148,521,131
954	470,547,639,769,351,629,595,705,119,519
955	782,350,694,272,177,334,309,123,499,228,470
956	455,139,547,911,966,597,598,903,387
957	701,236,506,827,843,196,825,240,215,338,662,272
958	965,514,772,644,717,877,151,577,713,233,182,139
959	347,817,672,424,757,215,659,551,110
960	142,762,200,382,218,812,873
961	954,377,686,978,569,835,755,139,497,592
962	708,671,786,715,298,224,301,885,458,218,632,566,390,844
963	144,467,339,965,521,317,400,243,150
964	923,984,539,905,467,486,292,774,239,465,835,551,791,362,131,443,126,581
965	418,531,673,453,908,877,648,499,865,225,955,991,408,280,493,979
966	382,860,405,821,940,963
967	425,567,165,857,796,462,752
968	281,345,732,302,451,244,614,379
969	990,392,515,257,911,852,910,117,486,958,425
970	812,123,650,532,254,832,887,259,207,198,974,759,238,111,686,796
971	179,378,414,455,989,899,731,177,392
972	870,708,123,111,821,509,586,868
973	141,586,892,519,394,232,953,478
974	312,641,650,446,345,349,352,473,935,334,884,131,587,348,593,570
975	539,346,497,150,757,453
976	165,617,616,269,750,933,685,966,714
977	111,694,560,460,997,433,703,649,579,232,801,297
978	417,392,620,988,702,713,814
979	927,160,914,690,807,805,923,544,608,889,418
980	369,401,959,612,900,395,657,986,375,969,467,756
981	787,758,647,460,278,193,400,663,169,887
982	789,259,257,180,849,688,957,179,341,467,203,339,262,992,993,510,321,400
983	412,811,675,109,757,735,316,946,913,139,125,538,339,159
984	808,265,126,297,955,414,347,826,961,776,421,345,523,393
985	213,666,466,294,775,947,139,484,167
986	737,355,925,476,709,228,550,717,296,954,381,545,670,416,817,680
987	150,245,342,663,987,631,286,449,616,309,114,724
988	593,996,277,385,538,339,357,801,525,753,907,941,264
989	765,503,987,990,683,424,916,793
990	850,990,562,959,993,117,612,976,862
991	827,167,484,283,802,640,431,760,106,623
992	319,986,768,593,556,886,486,491,488
993	614,873,522,674,166,676,324,251,572,449,223,808,912
994	692,810,993,139,647,742,144,980,653,782,642,581,308,891,219,607
995	777,200,278,987,638,645,789,493
996	822,959,369,524,270,149,783,978,393,809,490,426
997	456,801,604,869,959,144,280,239,189
998	820,127,785,893,703,992,434,312,257
999	381,718,854,339,884,537,535,389,974,930,205,462,371,676
