101	86
102	88
103	64
104	75
105	55
106	69
107	46
108	87
109	109
110	74
111	85
112	52
113	49
114	102
115	55
116	68
117	142
118	44
119	85
120	59
121	123
122	70
123	93
124	58
125	76
126	116
127	87
128	35
129	58
130	73
131	85
132	86
133	77
134	100
135	82
136	59
137	77
138	97
139	74
140	50
141	65
142	90
143	61
144	97
145	74
146	54
147	79
148	57
149	53
150	60
151	34
152	32
153	14
154	51
155	101
156	49
157	78
158	58
159	73
160	89
161	87
162	96
163	49
164	98
165	35
166	69
167	79
168	108
169	97
170	56
171	55
172	46
173	76
174	64
175	73
176	60
177	113
178	51
179	84
180	92
181	85
182	42
183	59
184	82
185	144
186	67
187	79
188	51
189	108
190	80
191	55
192	95
193	83
194	29
195	103
196	101
197	51
198	98
199	90
200	113
201	37
202	51
203	47
204	44
205	96
206	64
207	55
208	37
209	20
210	90
211	73
212	66
213	81
214	82
215	108
216	72
217	39
218	136
219	66
220	94
221	58
222	3
223	41
224	71
225	99
226	77
227	82
228	49
229	82
230	91
231	42
232	108
233	46
234	73
235	61
236	85
237	80
238	63
239	114
240	112
241	80
242	34
243	50
244	72
245	52
246	70
247	50
248	91
249	125
250	114
251	55
252	50
253	43
254	39
255	34
256	92
257	130
258	91
259	79
260	44
261	49
262	131
263	10
264	68
265	77
266	32
267	90
268	55
269	80
270	56
271	47
272	78
273	86
274	42
275	42
276	69
277	87
278	131
279	55
280	89
281	156
282	142
283	96
284	43
285	58
286	54
287	94
288	62
289	87
290	41
291	43
292	114
293	106
294	96
295	62
296	52
297	88
298	110
299	49
300	70
301	84
302	55
303	22
304	52
305	62
306	98
307	62
308	87
309	47
310	41
311	72
312	46
313	83
314	83
315	107
316	38
317	73
318	49
319	107
320	73
321	94
322	123
323	63
324	83
325	139
326	51
327	60
328	67
329	48
330	82
331	44
332	56
333	50
334	47
335	78
336	81
337	48
338	65
339	94
340	67
341	69
342	48
343	73
344	81
345	44
346	40
347	96
348	40
349	45
350	95
351	73
352	44
353	39
354	65
355	90
356	91
357	63
358	125
359	14
360	87
361	84
362	84
363	92
364	102
365	77
366	76
367	68
368	104
369	111
370	91
371	73
372	49
373	30
374	90
375	38
376	87
377	85
378	75
379	59
380	72
381	103
382	60
383	54
384	68
385	73
386	116
387	85
388	86
389	62
390	15
391	51
392	125
393	78
394	87
395	69
396	93
397	37
398	62
399	74
400	43
401	122
402	74
403	86
404	69
405	67
406	65
407	91
408	61
409	76
410	81
411	76
412	87
413	29
414	37
415	84
416	82
417	104
418	84
419	81
420	65
421	52
422	31
423	54
424	84
425	83
426	51
427	42
428	20
429	61
430	60
431	80
432	47
433	64
434	106
435	39
436	44
437	50
438	64
439	149
440	95
441	60
442	68
443	81
444	105
445	88
446	69
447	28
448	108
449	59
450	91
451	112
452	81
453	123
454	41
455	75
456	106
457	59
458	76
459	116
460	108
461	77
462	60
463	59
464	91
465	27
466	55
467	81
468	42
469	54
470	54
471	74
472	47
473	50
474	65
475	84
476	99
477	99
478	49
479	41
480	100
481	78
482	65
483	81
484	72
485	83
486	76
487	113
488	100
489	58
490	37
491	67
492	121
493	70
494	55
495	85
496	104
497	91
498	76
499	117
500	39
501	82
502	121
503	108
504	96
505	63
506	78
507	59
508	50
509	64
510	77
511	96
512	56
513	151
514	72
515	98
516	64
517	59
518	71
519	74
520	88
521	68
522	81
523	62
524	99
525	93
526	68
527	60
528	29
529	47
530	90
531	73
532	83
533	55
534	65
535	79
536	77
537	65
538	89
539	88
540	64
541	94
542	69
543	76
544	57
545	69
546	55
547	74
548	68
549	61
550	76
551	150
552	39
553	74
554	78
555	65
556	95
557	86
558	65
559	46
560	77
561	52
562	64
563	78
564	71
565	67
566	78
567	106
568	98
569	99
570	51
571	35
572	90
573	70
574	60
575	61
576	70
577	80
578	45
579	32
580	41
581	43
582	35
583	105
584	38
585	61
586	78
587	26
588	53
589	75
590	38
591	108
592	45
593	67
594	91
595	75
596	66
597	55
598	97
599	86
600	55
601	80
602	51
603	83
604	81
605	70
606	80
607	56
608	65
609	101
610	75
611	42
612	93
613	67
614	100
615	100
616	78
617	60
618	38
619	126
620	77
621	40
622	97
623	85
624	47
625	60
626	39
627	59
628	50
629	89
630	89
631	26
632	43
633	67
634	95
635	90
636	75
637	80
638	58
639	36
640	48
641	44
642	88
643	66
644	88
645	59
646	122
647	64
648	87
649	79
650	132
651	65
652	35
653	91
654	91
655	84
656	89
657	68
658	55
659	93
660	64
661	31
662	43
663	116
664	60
665	70
666	86
667	61
668	104
669	94
670	90
671	55
672	63
673	107
674	75
675	54
676	96
677	88
678	58
679	67
680	35
681	41
682	88
683	90
684	67
685	101
686	98
687	37
688	107
689	57
690	79
691	148
692	72
693	95
694	89
695	36
696	48
697	62
698	101
699	46
700	50
701	79
702	49
703	25
704	58
705	113
706	25
707	53
708	123
709	90
710	54
711	53
712	44
713	94
714	112
715	99
716	70
717	90
718	130
719	67
720	72
721	48
722	88
723	53
724	50
725	72
726	41
727	61
728	91
729	56
730	130
731	69
732	71
733	38
734	74
735	56
736	34
737	57
738	82
739	63
740	104
741	76
742	59
743	58
744	78
745	51
746	49
747	64
748	78
749	43
750	37
751	68
752	83
753	103
754	29
755	67
756	94
757	125
758	133
759	115
760	34
761	48
762	67
763	26
764	72
765	92
766	71
767	56
768	23
769	26
770	39
771	66
772	66
773	70
774	100
775	32
776	23
777	105
778	54
779	100
780	72
781	60
782	88
783	64
784	82
785	56
786	140
787	103
788	75
789	69
790	61
791	62
792	101
793	59
794	112
795	52
796	96
797	68
798	78
799	40
800	67
801	72
802	62
803	44
804	117
805	45
806	47
807	45
808	92
809	40
810	54
811	100
812	52
813	77
814	87
815	66
816	79
817	87
818	25
819	49
820	68
821	91
822	71
823	41
824	64
825	50
826	95
827	166
828	72
829	72
830	44
831	69
832	60
833	31
834	54
835	68
836	65
837	48
838	33
839	87
840	61
841	76
842	61
843	79
844	51
845	65
846	67
847	42
848	88
849	108
850	55
851	35
852	81
853	75
854	100
855	94
856	59
857	74
858	79
859	83
860	102
861	44
862	67
863	89
864	70
865	72
866	88
867	39
868	70
869	75
870	115
871	56
872	79
873	82
874	70
875	113
876	109
877	84
878	31
879	53
880	93
881	99
882	77
883	45
884	49
885	45
886	43
887	62
888	62
889	107
890	58
891	30
892	65
893	57
894	53
895	71
896	86
897	41
898	68
899	102
900	64
901	52
902	106
903	25
904	97
905	76
906	55
907	99
908	126
909	89
910	66
911	91
912	55
913	39
914	111
915	93
916	58
917	95
918	91
919	72
920	68
921	82
922	61
923	132
924	107
925	102
926	72
927	66
928	44
929	54
930	80
931	43
932	83
933	91
934	122
935	57
936	57
937	82
938	94
939	56
940	78
941	80
942	54
943	103
944	59
945	38
946	70
947	48
948	82
949	84
950	47
951	100
952	55
953	65
954	39
955	85
956	110
957	73
958	50
959	74
960	64
961	92
962	41
963	99
964	98
965	66
966	56
967	78
968	74
969	68
970	71
971	60
972	95
973	106
974	67
975	92
976	81
977	28
978	74
979	53
980	54
981	30
982	86
983	123
984	141
985	49
986	124
987	101
988	46
989	27
990	106
991	95
992	30
993	104
994	72
995	61
996	76
997	71
998	77
999	54
